 <pre>

 Contingency table for Cloud cover (octas)
 Selection: ALL     79 stations
Period: 20211110-20211124
Used {00,06,12,18} + 01 02 ... 36
 Limits   0.500000000       1.50000000       2.50000000       3.50000000       4.50000000       5.50000000       6.50000000       7.50000000    
 Each class is data <= limit, the very last > last limit
 Total number of values      120079
                                                       OBSERVATION
                                  18008     1433      750      621      439      476      462     1255     2030 |     25474
                                   2631      364      221      242      169      200      161      515      846 |      5349
                                   1453      257      160      135      102      136      139      374      628 |      3384
                                   1143      185      100      135      100      121      118      356      586 |      2844
                           REF     1039      171      124      137       79       95      130      333      583 |      2691
                                   1104      172      118      136       99      135      149      385      669 |      2967
                                   1233      204      137      146      122      168      196      543      890 |      3639
                                   1922      286      229      238      197      265      321      924     1537 |      5919
                                   9030     1832     1382     1609     1422     2177     2762    11186    36412 |     67812

                    SUM           37563     4904     3221     3399     2729     3773     4438    15871    44181 |    120079
                                                       OBSERVATION
                                  18116     1426      726      631      445      464      437     1194     2036 |     25475
                                   2627      412      218      212      153      223      177      535      905 |      5462
                                   1500      239      143      169      117      122      152      372      647 |      3461
                                   1173      189      113      138      104      144      146      380      574 |      2961
                sar_pm30_sob12     1037      178      123      132       84      130      130      354      588 |      2756
                                   1040      179      143      111       80      134      142      386      698 |      2913
                                   1283      181      161      156      128      181      196      552      858 |      3696
                                   1977      304      226      258      209      275      299      901     1552 |      6001
                                   8810     1796     1368     1592     1409     2100     2759    11197    36323 |     67354

                    SUM           37563     4904     3221     3399     2729     3773     4438    15871    44181 |    120079
                                                       OBSERVATION
                                  18181     1431      733      645      453      447      441     1240     1993 |     25564
                                   2596      387      224      239      158      230      170      521      913 |      5438
                                   1483      247      156      167      105      138      148      406      669 |      3519
                                   1205      200      115      130      108      140      133      364      576 |      2971
               sar_pm30_sob185     1027      178      115      120       96      121      130      361      557 |      2705
                                   1077      161      129      121       92      131      152      426      690 |      2979
                                   1276      208      144      169      115      178      186      519      805 |      3600
                                   1862      283      235      231      196      269      335      866     1541 |      5818
                                   8856     1809     1370     1577     1406     2119     2743    11168    36437 |     67485

                    SUM           37563     4904     3221     3399     2729     3773     4438    15871    44181 |    120079
                                                       OBSERVATION
                                  18218     1438      756      640      447      470      430     1253     2014 |     25666
                                   2581      403      219      227      172      217      182      504      869 |      5374
                                   1540      272      153      164      100      142      137      371      616 |      3495
                                   1170      204      121      129       96      146      153      339      615 |      2973
                sar_pm30_sob30     1087      158      114      142       90      136      121      375      619 |      2842
                                   1065      167      132       96       95      119      161      428      653 |      2916
                                   1231      187      150      164      135      161      199      523      853 |      3603
                                   1871      312      211      244      194      269      322      928     1548 |      5899
                                   8800     1763     1365     1593     1400     2113     2733    11150    36394 |     67311

                    SUM           37563     4904     3221     3399     2729     3773     4438    15871    44181 |    120079

