 <pre>

 Contingency table for Visibility (m)
 Selection: ALL    104 stations
Period: 20211110-20211124
Used {00,06,12,18} + 00 01 ... 36
 Limits    1000.00000       5000.00000       10000.0000       20000.0000    
 Each class is data <= limit, the very last > last limit
 Total number of values      173161
                                     OBSERVATION
                                   1515     1443      616      386      793 |      4753
                                   1983     7510     4545     6000    14921 |     34959
                           REF      395     1299     1252     2536    12946 |     18428
                                    509     1702     1800     6234    47958 |     58203
                                    489     2041     3544     7750    42994 |     56818

                    SUM            4891    13995    11757    22906   119612 |    173161
                                     OBSERVATION
                                   1504     1423      630      370      834 |      4761
                                   2031     7501     4548     5938    15064 |     35082
                sar_pm30_sob12      372     1329     1254     2471    12792 |     18218
                                    491     1671     1747     6300    47690 |     57899
                                    493     2071     3578     7827    43232 |     57201

                    SUM            4891    13995    11757    22906   119612 |    173161
                                     OBSERVATION
                                   1502     1412      629      376      834 |      4753
                                   2033     7513     4560     5950    14991 |     35047
               sar_pm30_sob185      379     1308     1231     2470    12797 |     18185
                                    496     1702     1782     6350    47979 |     58309
                                    481     2060     3555     7760    43011 |     56867

                    SUM            4891    13995    11757    22906   119612 |    173161
                                     OBSERVATION
                                   1516     1421      637      374      818 |      4766
                                   2025     7544     4567     5918    15028 |     35082
                sar_pm30_sob30      378     1299     1273     2504    12791 |     18245
                                    495     1679     1753     6376    48164 |     58467
                                    477     2052     3527     7734    42811 |     56601

                    SUM            4891    13995    11757    22906   119612 |    173161

